8801763005404
8801719363771
8801815370322
8801949215182
8801622523852
8801838903728
8801534645239
8801719852295
8801738997119
8801717449954
8801521468097
8801756976409
8801811888027
8801722680407
8801745018382
8801670937868
8801738452344
8801725620378
8801753269669
8801821828071
8801774109751
8801672541535
8801677676056
8801671729210
8801724756181
8801740717186
8801674349450
8801521218618
8801750334732
8801764409133
8801783733878
8801557275509
8801703053187
8801674027427
8801682711100
8801620728654
8801761940093
8801772270138
8801750944269
8801683795367
8801766907237
8801830671247
8801705184686
8801818753641
8801676342090
8801789786633
8801955420420
8801687159034
8801620625189
8801773611912
8801834031257
8801681046437
8801719378333
8801762999269
8801812163787
8801674533140
8801862528612
8801768847764
8801737513080
8801767214654
8801759755793
8801928024598
8801791549694
8801935726997
8801829405276
8801831560526
8801964624639
8801840592788
8801757314090
8801960261410
8801814982868
8801675251092
8801713084681
8801839386384
8801711384833
8801748303411
8801815825468
8801744555193
8801672106660
8801681403377
8801943184690
8801711303090
8801758375648
8801675560217
8801924520996
8801679104195
8801777877250
8801920757614
8801859042765
8801779288424
8801823267937
8801683165426
8801754541018
8801763633959
8801677593158
8801672887957
8801912955770
8801710178618
8801722983921
8801822252125
8801822252125
8801739090907
8801866252868
8801743256104 
8801743256104
8801797969649
8801679772388
8801981841401
8801927612664
8801854698468
8801733764152
8801674588322
8801989346078
8801772390299
8801787917335
8801671929362
8801815778656
8801717249125
8801920984265
8801822964940
8801557186636
8801674563508
8801785446678
8801818424256
8801792233331
8801841710134
8801963014978
8801795525470
8808158942161
8801683495632
8801914544713
8801926061097
8801863797771
8801732008919
8801534146011
8801676409054
8801521212506
8801688025828
8801721543363
8801767611001
8801767331500
8801913288729
8801758851943
8801721100716
8801779544406
8801826605322
8801953472021
8801989091183
8801829372566
8801710012871
8801765205541
8801624666485
8801677983064
8801782459090
8801671512027
8801716187838
8801812047978
8801858943677
8801676433034
8801534130679
8801686916475
8801686916475
8801686916475
8801670863583
8801733144180
8801863792733
8801964321041
8801831610952
8801521473702
8801717366018
8801679387653
8801760769277
8801711361794
8801789469748
8801866247647
8801727667578
8801724932742
8801766754529
8801910105359
8801774304447
8801685273709
8801986656169
8801946804391
8801917822808
8801850639615
8801710012807
8801913053975
8801521238023
8801783597757
8801738115129
8801920379837
8801676655238
8801737909454
8801679747487
8801677344057
8801521443761
8801755861990
8801818660650
8801923867362
8801966524291
8801554010310
8801784087671
8801966469919
8801966469919
8801770494262
8801798745474
8808.80173E12
8801913754143
8801534111328
8801967612240
8801825518552
8801671185476
8801722823099
8801737268620
8801740215777
8801779255900
8801717101017
8801779255900
8801553088906
8801750598958
8801717101017
8801790547930
8801670335215
8801536012566
8801623107428
8801920190686
8801737867700
8819020743241
8801839440909
8801724653054
8801825471231
8801776038818
8801730916666
8801744577698
8801556282386
8801625449737
8801834963941
8801987578330
8801952615341
8801784588551
8801742220701
8801733331411
8808001075115
8801778969696
8801673107102
8860166282775
8801620939264
8801797485750
8801934106286
8801780472441
8801755349198
8801710493613
8801686502966
8801969848333
8801624673025
8801557860152
8801687601412
8801683768681
8801687073037
8801623791931
8801799267202
8801671512027
8801712359608
8801723592075
8801675299796
8801761930263
8801926792718
8801867291330
8801727473416
8801723021101
8801676333184
8801521469014
8801684665201
8801922173738
8801703601886
8801720694513
8801738236086
8801686665948
8801843411342
8801794813625
8801750598958
8801855543281
8801763234967
8801710770381
88166282775
8801771438191
8801672052966
8801774523166
8801747807338
8801779939377
8801740120862
8801934391611
8801815788327
8801559056108
8801862334525
8801730923405
8801755349198
8801839147787
8801839147787
8801750635242
8801684679404
8801624252214
8801521216093
8801674161403
8801515221701
8801684208617
8801811827314
8801777291919
8896891049976
8801722264381
8801921694006
8801920896413
8801685246866
8801677114189
8801766988107
8801740996898
8801921636190
8801683180434
8801814989096
8801534613831
8801723986818
8801929885248
8801743500587
8801786331822
8801726511228
8801717066343
8801979338842
8801623704258
8801742324320
8801913560463
8801521249133
8801967560656
8801773019511
8801982788308
8801798123006
8801767611001
8801742951186
8809872345223
8801859842464
8801738030167
8801738030167
8801521454003
8801985319765
8801777636939
8801670911553
8801740428659
8801788379102
8801871679035
8801776895506
8801742789456
8801625966622
8801713748546
8801761081784
8801686771786
8801679387653
8801786836035
8801674988170
8809735444434
884917668115626
8801929996515
8801710271052
8801676333184
8801818447815
8801913716660
8801957551218
8801737242728
8801725279927
8801744607080
8801833033456
8801935079004
8801956841536
8801933261882
8801942404138
8801948809570
8801688286861
8801930313435
8801852153044
8801811910512
8801684542276
8801676086958
8801703504910
8801758913377
8801750635242
8801682686181
8801736752597
8801722863290
8801727711935
8801936197990
8801787573325
8801551818283
8801834783357
8801770489990
8801688941870
8801961712289
8801682226868
8801833407740
8801722987109
8801681781437
8801910604087
8801738138682
8801521211505
8801521442995
8801626859416
8801680039941
8801833414984
8801679435391
8801712406924
8801687142792
8801775121530
8801773175481
8801864438069
8801876533386
8801747025120
8807125489632
8801712241050
8801673119301
881234567
8801711338520
8801922984909
8801795772650
8801949212570
8801833461722
8801679227979
8801680398287
8801926456804
8801680390472
8801674760920
8801521424557
8801722189630
8801828758169
8801929636470
8801767536350
8801721003717
8801911398539
8801725748053
8801930999274
8801957742100
8801916401124
8801820984146
8801521232784
8801671314696
8801621426144
8801790303459
8801626551694
8801916115692
8801749792500
8801726701076
8801736338598
8801868981721
88162912966
8801954540262
8801716468583
8801859746405
8801534971532
8801552 569 170
8801964525184
8801837286144
8801840093654
8801821933790
8801723384792
8801521336095
8801628146501
8801837411523
8801947638436
8801790546159
8801712029577
8801717336603
8801521459051
8801521440180
8801834798047
8801936868392
8801832058014
8801942242800
88166169106
8801817770347
8801850736656
8801763242444
8801628681918
8801743566769
8801965259241
8801945875094
8801949526442
8801685263562
8801780533787
8801772373667
8801758759234
8801758759234
8801796101101
8801788383945
8801879937015
8801853590119
8801966051706
8801535708468
8801557625667
8801918735265
8801628160681
88168977427
8801983506079
8801737236524
8801625150286
8801611115846
8801685837268
8801957262730
8801858199444
8801714716633
8801780410319
8801812479085
8801670356303
8801723445254
8801990284602
8801714303687
8801755157758
8801621562352
8801911786966
